0
-0.000665
-0.00185
-0.00353
-0.00571
-0.00835
-0.0114
-0.0149
-0.0187
-0.0228
-0.0273
-0.032
-0.0369
-0.0419
-0.0472
-0.0525
-0.0579
-0.0633
-0.0688
-0.0742
-0.0796
-0.0848
-0.09
-0.095
-0.0998
-0.104
-0.109
-0.113
-0.117
-0.12
-0.123
-0.126
-0.129
-0.131
-0.133
-0.134
-0.135
-0.135
-0.135
-0.135
-0.134
-0.133
-0.131
-0.129
-0.127
-0.124
-0.121
-0.117
-0.113
-0.109
-0.104
-0.0987
-0.0932
-0.0875
-0.0815
-0.0753
-0.0688
-0.0621
-0.0553
-0.0483
-0.0411
-0.0339
-0.0266
-0.0193
-0.0119
-0.00458
0.00272
0.00995
0.0171
0.0241
0.0309
0.0376
0.0441
0.0503
0.0563
0.062
0.0674
0.0725
0.0772
0.0816
0.0856
0.0892
0.0925
0.0953
0.0976
0.0996
0.101
0.102
0.103
0.103
0.103
0.102
0.101
0.0989
0.0968
0.0943
0.0914
0.0881
0.0844
0.0803
