0
-0.00233
-0.00615
-0.011
-0.0167
-0.023
-0.0298
-0.037
-0.0445
-0.0522
-0.0601
-0.0681
-0.0761
-0.0842
-0.0921
-0.1
-0.108
-0.115
-0.122
-0.129
-0.136
-0.142
-0.148
-0.154
-0.159
-0.163
-0.167
-0.17
-0.173
-0.175
-0.177
-0.178
-0.178
-0.178
-0.177
-0.176
-0.174
-0.171
-0.167
-0.163
-0.159
-0.154
-0.148
-0.142
-0.135
-0.127
-0.12
-0.111
-0.103
-0.0938
-0.0844
-0.0748
-0.0648
-0.0547
-0.0443
-0.0338
-0.0232
-0.0126
-0.00186
0.00882
0.0194
0.03
0.0403
0.0505
0.0605
0.0702
0.0796
0.0886
0.0973
0.106
0.113
0.121
0.128
0.134
0.14
0.145
0.15
0.154
0.157
0.16
0.162
0.163
0.164
0.164
0.163
0.162
0.16
0.157
0.154
0.15
0.146
0.141
0.135
0.129
0.122
0.115
0.107
0.0987
0.0902
0.0812
