-2.45e-16
-0.0496
-0.0869
-0.121
-0.151
-0.179
-0.204
-0.226
-0.245
-0.262
-0.277
-0.289
-0.3
-0.308
-0.315
-0.32
-0.324
-0.326
-0.327
-0.326
-0.325
-0.322
-0.319
-0.314
-0.309
-0.303
-0.296
-0.289
-0.281
-0.272
-0.264
-0.255
-0.245
-0.235
-0.225
-0.215
-0.205
-0.195
-0.184
-0.174
-0.164
-0.153
-0.143
-0.133
-0.123
-0.113
-0.103
-0.0938
-0.0845
-0.0754
-0.0666
-0.0581
-0.0499
-0.0419
-0.0342
-0.0269
-0.0198
-0.0131
-0.00671
-0.000657
0.00506
0.0104
0.0155
0.0201
0.0245
0.0285
0.0321
0.0354
0.0384
0.041
0.0433
0.0453
0.047
0.0483
0.0494
0.0501
0.0506
0.0507
0.0506
0.0502
0.0496
0.0487
0.0476
0.0462
0.0446
0.0429
0.0409
0.0388
0.0364
0.034
0.0313
0.0286
0.0257
0.0227
0.0197
0.0165
0.0133
0.01
0.0067
0.00336
0
